phi <- 1.618033988
abs_tot_width <- 1400
abs_tot_height <- 1400 * phi
